==== 1000 ====
8.447791993618011
memUsage: 5095880
8.447791993618011
2.5121670067310333
memUsage: 5100640
2.5121670067310333
2.593207985162735
memUsage: 5101232
2.593207985162735
2.24966698884964
memUsage: 4350568
2.24966698884964
2.466458022594452
memUsage: 5109448
2.466458022594452
2.5107499957084656
memUsage: 5101968
2.5107499957084656
2.835999995470047
memUsage: 4419616
2.835999995470047
2.7012909948825836
memUsage: 5097576
2.7012909948825836
2.3842500150203705
memUsage: 5100720
2.3842500150203705
2.327208995819092
memUsage: 5097304
2.327208995819092
2.281334012746811
memUsage: 5101328
2.281334012746811
2.409541994333267
memUsage: 5099456
2.409541994333267
4.467624992132187
memUsage: 4419664
4.467624992132187
2.3544999957084656
memUsage: 5100864
2.3544999957084656
2.3751659989356995
memUsage: 5101848
2.3751659989356995
2.531334012746811
memUsage: 4419600
2.531334012746811
2.557708978652954
memUsage: 4419648
2.557708978652954
2.7723329961299896
memUsage: 4420224
2.7723329961299896
2.5321670174598694
memUsage: 4419616
2.5321670174598694
2.6060419976711273
memUsage: 4419600
2.6060419976711273
average:~ 2.9
==== 2000 ====
4.927124977111816
memUsage: 4956632
4.927124977111816
3.9253329932689667
memUsage: 4972648
3.9253329932689667
4.187166005373001
memUsage: 4926768
4.187166005373001
7.287416011095047
memUsage: 4926728
7.287416011095047
7.924499988555908
memUsage: 4925240
7.924499988555908
4.48225000500679
memUsage: 4926424
4.48225000500679
4.423958003520966
memUsage: 4932616
4.423958003520966
3.9854999780654907
memUsage: 4972640
3.9854999780654907
4.046166002750397
memUsage: 4972640
4.046166002750397
4.027500003576279
memUsage: 4926696
4.027500003576279
3.909709006547928
memUsage: 4972544
3.909709006547928
3.9067919850349426
memUsage: 4972648
3.9067919850349426
3.909042000770569
memUsage: 4936944
3.909042000770569
4.313082993030548
memUsage: 4936456
4.313082993030548
4.436792016029358
memUsage: 4926920
4.436792016029358
8.721374988555908
memUsage: 4925296
8.721374988555908
3.998416006565094
memUsage: 4972592
3.998416006565094
10.91525000333786
memUsage: 4925240
10.91525000333786
3.887250006198883
memUsage: 4973264
3.887250006198883
4.326083987951279
memUsage: 4926736
4.326083987951279
average:~ 5.1
==== 4000 ====
6.690250009298325
memUsage: 4836664
6.690250009298325
6.78541699051857
memUsage: 4729856
6.78541699051857
6.733291000127792
memUsage: 4797472
6.733291000127792
6.961084008216858
memUsage: 4638000
6.961084008216858
6.714042007923126
memUsage: 4836672
6.714042007923126
6.963417023420334
memUsage: 4695096
6.963417023420334
6.663625001907349
memUsage: 4729856
6.663625001907349
6.8644159734249115
memUsage: 4649256
6.8644159734249115
9.795166999101639
memUsage: 5055288
9.795166999101639
6.482290983200073
memUsage: 4729856
6.482290983200073
6.902332991361618
memUsage: 4897440
6.902332991361618
6.534666985273361
memUsage: 4846984
6.534666985273361
7.594083994626999
memUsage: 5363560
7.594083994626999
6.6396670043468475
memUsage: 4695096
6.6396670043468475
6.53041598200798
memUsage: 4858240
6.53041598200798
7.029333978891373
memUsage: 5019752
7.029333978891373
12.644124984741211
memUsage: 4936712
12.644124984741211
6.621333003044128
memUsage: 4846992
6.621333003044128
6.922374993562698
memUsage: 4644800
6.922374993562698
6.992083013057709
memUsage: 4729856
6.992083013057709
average:~ 7.25
==== 8000 ====
9.87066599726677
memUsage: 5454072
9.87066599726677
10.640750020742416
memUsage: 5332544
10.640750020742416
10.348749995231628
memUsage: 5454072
10.348749995231628
11.151875019073486
memUsage: 5332544
11.151875019073486
12.159667015075684
memUsage: 5598424
12.159667015075684
10.293958008289337
memUsage: 5454072
10.293958008289337
20.759124994277954
memUsage: 6469048
20.759124994277954
10.689416021108627
memUsage: 5454072
10.689416021108627
48.76191598176956
memUsage: 4954496
48.76191598176956
14.277374982833862
memUsage: 5252336
14.277374982833862
12.16637498140335
memUsage: 5598376
12.16637498140335
11.980499982833862
memUsage: 5598416
11.980499982833862
11.392374992370605
memUsage: 5454072
11.392374992370605
11.222625017166138
memUsage: 5454072
11.222625017166138
10.073667019605637
memUsage: 5454072
10.073667019605637
10.328916996717453
memUsage: 5454072
10.328916996717453
10.48241600394249
memUsage: 5454072
10.48241600394249
11.195707976818085
memUsage: 5340592
11.195707976818085
10.566208004951477
memUsage: 5446024
10.566208004951477
10.336334019899368
memUsage: 5332544
10.336334019899368
average:~ 13.45
==== 16000 ====
13.632333993911743
memUsage: 6060776
13.632333993911743
14.405000001192093
memUsage: 6302584
14.405000001192093
13.723208993673325
memUsage: 6060840
13.723208993673325
16.607874989509583
memUsage: 6318688
16.607874989509583
15.474792003631592
memUsage: 6205112
15.474792003631592
13.420542001724243
memUsage: 6060848
13.420542001724243
13.428167015314102
memUsage: 6060816
13.428167015314102
14.897374987602234
memUsage: 6060856
14.897374987602234
14.23258301615715
memUsage: 6060904
14.23258301615715
13.422499984502792
memUsage: 6060672
13.422499984502792
14.844541996717453
memUsage: 6205048
14.844541996717453
14.06554201245308
memUsage: 6060776
14.06554201245308
13.449000000953674
memUsage: 6060904
13.449000000953674
13.590209007263184
memUsage: 6060912
13.590209007263184
14.66304099559784
memUsage: 6060792
14.66304099559784
15.613499999046326
memUsage: 6189112
15.613499999046326
14.006874978542328
memUsage: 6060928
14.006874978542328
15.021541982889175
memUsage: 6060904
15.021541982889175
15.126042008399963
memUsage: 6189008
15.126042008399963
16.271333009004593
memUsage: 6189064
16.271333009004593
average:~ 14.5
==== 32000 ====
23.63220900297165
memUsage: 7816856
23.63220900297165
23.87729200720787
memUsage: 7843648
23.87729200720787
23.030959010124207
memUsage: 7924072
23.030959010124207
25.20566698908806
memUsage: 7869032
25.20566698908806
24.36566698551178
memUsage: 7841544
24.36566698551178
23.67270800471306
memUsage: 7828056
23.67270800471306
25.224082976579666
memUsage: 9612232
25.224082976579666
24.31537500023842
memUsage: 7931736
24.31537500023842
29.438958019018173
memUsage: 8721480
29.438958019018173
27.62950000166893
memUsage: 7916688
27.62950000166893
31.084708005189896
memUsage: 9619144
31.084708005189896
28.76441702246666
memUsage: 7986480
28.76441702246666
35.35549998283386
memUsage: 7913440
35.35549998283386
30.1506669819355
memUsage: 10081200
30.1506669819355
24.341500014066696
memUsage: 7949016
24.341500014066696
26.081999987363815
memUsage: 7807856
26.081999987363815
26.32008397579193
memUsage: 7977264
26.32008397579193
24.409790992736816
memUsage: 7881576
24.409790992736816
23.325042009353638
memUsage: 11745400
23.325042009353638
24.695374995470047
memUsage: 7994616
24.695374995470047
average:~ 26.25
==== 64000 ====
42.28249999880791
memUsage: 18494200
42.28249999880791
43.80979099869728
memUsage: 14493832
43.80979099869728
40.6387500166893
memUsage: 14493728
40.6387500166893
47.73154202103615
memUsage: 14489480
47.73154202103615
49.30041602253914
memUsage: 14369928
49.30041602253914
83.39904201030731
memUsage: 18294544
83.39904201030731
45.50254198908806
memUsage: 18494232
45.50254198908806
41.49704101681709
memUsage: 18493752
41.49704101681709
44.15216699242592
memUsage: 14885048
44.15216699242592
41.97241699695587
memUsage: 18494216
41.97241699695587
45.42024999856949
memUsage: 18493760
45.42024999856949
43.5942499935627
memUsage: 18494288
43.5942499935627
42.79891601204872
memUsage: 14881672
42.79891601204872
42.642458975315094
memUsage: 14401496
42.642458975315094
51.33437502384186
memUsage: 18493760
51.33437502384186
50.42108401656151
memUsage: 14493712
50.42108401656151
53.277125000953674
memUsage: 10871776
53.277125000953674
45.94320899248123
memUsage: 14490328
45.94320899248123
42.99820798635483
memUsage: 14885000
42.99820798635483
47.651540994644165
memUsage: 14493768
47.651540994644165
average:~ 47.3
==== 128000 ====
100.57004100084305
memUsage: 19647600
100.57004100084305
88.84891700744629
memUsage: 19941976
88.84891700744629
96.05875000357628
memUsage: 19935648
96.05875000357628
93.34204199910164
memUsage: 19647984
93.34204199910164
98.91175001859665
memUsage: 19940216
98.91175001859665
110.15162500739098
memUsage: 19648032
110.15162500739098
100.06970900297165
memUsage: 19551392
100.06970900297165
116.09575000405312
memUsage: 19647488
116.09575000405312
90.61149999499321
memUsage: 19652072
90.61149999499321
78.98537501692772
memUsage: 19646456
78.98537501692772
90.45541700720787
memUsage: 19646456
90.45541700720787
92.83649998903275
memUsage: 19678544
92.83649998903275
84.3975830078125
memUsage: 19936152
84.3975830078125
83.77400001883507
memUsage: 19650016
83.77400001883507
81.88720899820328
memUsage: 19939752
81.88720899820328
92.81608301401138
memUsage: 31044136
92.81608301401138
95.14504200220108
memUsage: 19647528
95.14504200220108
82.9792919754982
memUsage: 19682328
82.9792919754982
98.83599999547005
memUsage: 19652016
98.83599999547005
78.24937498569489
memUsage: 19650024
78.24937498569489
average:~ 92.75
