==== 1000 ====
2.3114160001277924
2.574874997138977
2.4560829997062683
2.2200419902801514
2.562958985567093
2.379458010196686
2.581708997488022
2.4297919869422913
2.353542000055313
2.5956249833106995
2.5914160013198853
2.454499989748001
2.634209007024765
2.56700000166893
2.543333023786545
2.533167004585266
2.34858301281929
2.603415995836258
2.332415997982025
2.710583984851837
average:~ 2.5
==== 2000 ====
3.961667001247406
4.011875003576279
3.739749997854233
3.8692089915275574
3.7971250116825104
4.168334007263184
3.7562080025672913
3.8991249799728394
3.9833329916000366
4.138125002384186
4.041999995708466
3.8042080104351044
3.795415997505188
4.035291999578476
4.171749979257584
3.9255419969558716
4.205540984869003
3.9645409882068634
3.8238329887390137
3.8829579949378967
average:~ 3.95
==== 4000 ====
6.5796250104904175
7.031040996313095
6.968041002750397
6.68062499165535
6.991542011499405
6.859332978725433
9.226042002439499
6.536834001541138
6.760500013828278
6.8032499849796295
7.262584000825882
6.6225830018520355
6.659042000770569
6.836291998624802
6.474290996789932
7.200834006071091
6.648750007152557
6.741957992315292
6.701625019311905
6.5515410006046295
average:~ 6.9
==== 8000 ====
10.459875017404556
10.071125000715256
10.602292001247406
10.51758399605751
9.9442920088768
10.348416984081268
10.287499994039536
9.932125002145767
9.925208002328873
10.163416981697083
10.114167004823685
10.181165993213654
9.920416980981827
10.23583298921585
10.006000012159348
10.898000001907349
10.17554098367691
10.731375008821487
11.159999996423721
11.327041983604431
average:~ 10.35
==== 16000 ====
13.308999985456467
13.278333008289337
13.295583009719849
15.052042007446289
13.456124991178513
13.461457997560501
13.692499995231628
12.872750014066696
13.648833006620407
14.663540989160538
13.745207995176315
15.825208008289337
14.249209016561508
13.48549997806549
14.273249983787537
14.435250014066696
13.830208003520966
15.988541007041931
14.824583023786545
13.321709007024765
average:~ 14.05
==== 32000 ====
22.993750005960464
23.705792009830475
23.952082991600037
22.370290994644165
21.82362499833107
23.090833008289337
27.079833984375
24.270750015974045
23.594582974910736
28.153916984796524
27.287000000476837
23.262041002511978
23.23445901274681
31.37399998307228
30.06674998998642
34.23175001144409
27.711667001247406
22.96500000357628
22.779875010252
23.736125022172928
average:~ 25.4
==== 64000 ====
51.202084004879
46.853125005960464
52.17487499117851
42.97070899605751
72.98149999976158
43.374875009059906
41.66004100441933
42.06800001859665
56.768458008766174
41.87279099225998
41.147790998220444
43.96987500786781
45.90933299064636
47.069833010435104
42.08425000309944
40.77087500691414
46.414541989564896
51.93495801091194
53.813459008932114
51.44537499547005
average:~ 47.8
==== 128000 ====
96.16349998116493
88.77320900559425
85.21608299016953
81.17316600680351
91.03283298015594
87.89295899868011
82.84487500786781
81.46387499570847
85.9912919998169
88.00374999642372
84.88537499308586
80.29662501811981
94.58591598272324
78.23241698741913
91.6695000231266
93.91537499427795
76.7342500090599
96.86108300089836
88.34141600131989
84.58708301186562
average:~ 86.95
