==== 1000 ====
7.479749977588654
3.9570419788360596
3.2668339908123016
1.3086250126361847
1.4603750109672546
1.2034159898757935
1.2175419926643372
1.1973340213298798
1.4693330228328705
1.1961250007152557
1.51766699552536
1.304625004529953
1.572083979845047
1.244167000055313
1.184583991765976
1.1820409893989563
1.1622499823570251
1.1925419867038727
1.1611669957637787
1.1724160015583038
average:~ 1.8
==== 2000 ====
5.044250011444092
4.697459012269974
4.6514590084552765
4.5990830063819885
4.6644159853458405
4.637166976928711
4.691208988428116
4.586917012929916
4.785708010196686
4.624500006437302
4.644832998514175
4.514833003282547
4.615084022283554
4.599415987730026
4.640832990407944
4.598208010196686
4.628958016633987
5.25424998998642
4.875542014837265
4.882124990224838
average:~ 4.7
==== 4000 ====
21.18408301472664
20.975582987070084
20.742417007684708
20.945625007152557
20.604499995708466
20.71866598725319
20.54983299970627
20.65912500023842
20.34850001335144
20.65608298778534
20.449541985988617
20.80029198527336
20.501582980155945
20.94820800423622
20.795832991600037
20.53608399629593
20.90224999189377
20.54312500357628
20.556791990995407
20.195540994405746
average:~ 20.7
==== 8000 ====
94.77474999427795
93.17033299803734
93.17283299565315
93.44375002384186
94.12729197740555
93.28504201769829
94.9519590139389
94.40829199552536
93.986083984375
94.23879200220108
93.87308299541473
93.7495000064373
93.70616599917412
93.8488330245018
94.16795900464058
94.4227499961853
94.2440829873085
94.41229200363159
93.40820798277855
93.56458300352097
average:~ 93.95
==== 1000 ====
36.29495897889137
3.990125000476837
3.2216250002384186
1.1736249923706055
1.4681659936904907
1.248874992132187
1.2268750071525574
1.2199580073356628
1.4868749976158142
1.2162080109119415
1.4943749904632568
1.2385840117931366
1.2053749859333038
2.365750014781952
1.2009159922599792
1.169167011976242
1.2097910046577454
1.2291670143604279
1.193208009004593
1.2052080035209656
average:~ 3.3
==== 2000 ====
5.32779198884964
4.667207986116409
4.791083008050919
4.891499996185303
4.701041996479034
4.905832976102829
4.719750016927719
4.777334004640579
4.769374996423721
4.862332999706268
4.758374989032745
4.828667014837265
4.958957999944687
4.652417004108429
4.847500026226044
4.892084002494812
4.7240830063819885
5.061917006969452
4.825541019439697
4.64545801281929
average:~ 4.85
==== 4000 ====
20.280874997377396
20.552250027656555
19.739749997854233
19.59604099392891
20.013792008161545
19.55579200387001
19.52837499976158
19.775458991527557
19.507207989692688
19.635666996240616
20.032041996717453
19.401874989271164
19.498291015625
19.308583974838257
19.743000000715256
19.91899999976158
20.970582991838455
19.848083019256592
19.8855419754982
19.75287500023842
average:~ 19.85
==== 8000 ====
89.26162499189377
87.97512501478195
88.11112502217293
86.58216699957848
87.66141697764397
87.77370801568031
87.94137501716614
86.90016701817513
87.1911670267582
88.68983399868011
91.09112498164177
88.12520799040794
90.70112499594688
87.77849999070168
87.64887499809265
88.53008300065994
87.51791697740555
87.98591700196266
88.25416699051857
88.34983399510384
average:~ 88.2
==== 16000 ====
388.75974997878075
387.89704099297523
385.7212910056114
388.97429099678993
386.83437499403954
390.49250000715256
383.8263750076294
386.5793339908123
388.7053750157356
409.7828340232372
408.5614999830723
408.3947089910507
404.7479999959469
405.8520829975605
405.5367920100689
405.76995900273323
407.10095900297165
405.33058300614357
410.004624992609
403.3320420086384
average:~ 398.1
==== 32000 ====
1715.340167015791
1728.688333004713
1709.9172919988632
1723.7555840015411
1711.9460000097752
1702.3469170033932
1729.6233749985695
1720.5975829958916
1720.0082499980927
1736.5597079992294
1793.2688330113888
1714.10925000906
1711.396833986044
1719.7239579856396
1714.2957920134068
1705.2721660137177
1725.2322089970112
1730.8383750021458
1716.6001669764519
1719.1689999997616
average:~ 1722.45
==== 64000 ====
7044.990458011627
7037.231040984392
7070.789792001247
7009.443708986044
7020.928416997194
7049.748291999102
7005.888500005007
7032.867584019899
6976.796749979258
7068.418915987015
7076.835958987474
7074.575041979551
7055.034458994865
7161.3606660068035
7093.639584004879
7100.102999985218
7104.138790994883
7071.411749988794
7143.181167006493
7066.93737500906
average:~ 7063.2
==== 128000 ====
28563.121457993984
28340.69954201579
28474.5122500062
28539.91599997878
28489.48391598463
28526.860291987658
28624.7996250093
28445.24604201317
28333.556167006493
28262.55279198289
28287.242332994938
28206.59170898795
28267.977500021458
28051.718333005905
28296.819290995598
28372.635041981936
28142.143916994333
28523.494249999523
28334.800083994865
29022.592334002256
average:~ 28405.35
