==== 1000 ====
7.479749977588654
3.9570419788360596
3.2668339908123016
1.3086250126361847
1.4603750109672546
1.2034159898757935
1.2175419926643372
1.1973340213298798
1.4693330228328705
1.1961250007152557
1.51766699552536
1.304625004529953
1.572083979845047
1.244167000055313
1.184583991765976
1.1820409893989563
1.1622499823570251
1.1925419867038727
1.1611669957637787
1.1724160015583038
average:~ 1.8
==== 2000 ====
5.044250011444092
4.697459012269974
4.6514590084552765
4.5990830063819885
4.6644159853458405
4.637166976928711
4.691208988428116
4.586917012929916
4.785708010196686
4.624500006437302
4.644832998514175
4.514833003282547
4.615084022283554
4.599415987730026
4.640832990407944
4.598208010196686
4.628958016633987
5.25424998998642
4.875542014837265
4.882124990224838
average:~ 4.7
==== 4000 ====
21.18408301472664
20.975582987070084
20.742417007684708
20.945625007152557
20.604499995708466
20.71866598725319
20.54983299970627
20.65912500023842
20.34850001335144
20.65608298778534
20.449541985988617
20.80029198527336
20.501582980155945
20.94820800423622
20.795832991600037
20.53608399629593
20.90224999189377
20.54312500357628
20.556791990995407
20.195540994405746
average:~ 20.7
==== 8000 ====
94.77474999427795
93.17033299803734
93.17283299565315
93.44375002384186
94.12729197740555
93.28504201769829
94.9519590139389
94.40829199552536
93.986083984375
94.23879200220108
93.87308299541473
93.7495000064373
93.70616599917412
93.8488330245018
94.16795900464058
94.4227499961853
94.2440829873085
94.41229200363159
93.40820798277855
93.56458300352097
average:~ 93.95
